2 0.486662 0.388045 0.056113 0.046229
2 0.509209 0.416635 0.056184 0.040146
1 0.499287 0.515177 0.063707 0.052312
2 0.508902 0.471378 0.117016 0.093674
1 0.464389 0.566878 0.077395 0.048660
1 0.532818 0.564448 0.063707 0.126521
1 0.439102 0.622844 0.122492 0.060826
0 0.429521 0.295590 0.051324 0.055958
7 0.362117 0.358851 0.082117 0.163021
6 0.395650 0.433059 0.041059 0.077854
6 0.389834 0.388656 0.097855 0.152062
5 0.493846 0.291333 0.044480 0.035278
5 0.510271 0.343642 0.111543 0.132604
4 0.437049 0.389264 0.067746 0.121653
4 0.440129 0.445226 0.106750 0.128951
3 0.370328 0.514566 0.060219 0.048660
3 0.398043 0.552281 0.117016 0.087590
