2 0.325713 0.217965 0.058355 0.050361
3 0.539020 0.714372 0.106023 0.136687
3 0.198283 0.398549 0.067184 0.120847
1 0.370672 0.654660 0.070414 0.195681
1 0.460107 0.464729 0.087410 0.117986
1 0.213254 0.455375 0.053414 0.142444
1 0.266227 0.410774 0.081828 0.070507
0 0.303902 0.220125 0.064750 0.074819
0 0.251252 0.233795 0.042168 0.084896
2 0.313613 0.259694 0.076078 0.061875
4 0.503408 0.510774 0.101168 0.141007
4 0.611457 0.654660 0.092266 0.181292
5 0.613033 0.491347 0.066449 0.200000
5 0.272338 0.199264 0.085793 0.050361
6 0.228633 0.230198 0.051797 0.117979
7 0.378361 0.915090 0.037230 0.166903
2 0.465773 0.610774 0.124641 0.090646
