3 0.539012 0.713472 0.096484 0.139903
0 0.468529 0.359458 0.082801 0.052306
0 0.407590 0.417243 0.096555 0.063264
1 0.468494 0.599729 0.128035 0.053528
1 0.490426 0.538292 0.075961 0.064472
1 0.543459 0.572962 0.065691 0.124090
1 0.439787 0.647170 0.127965 0.070563
2 0.512324 0.401431 0.107437 0.063264
2 0.517113 0.436712 0.111539 0.072993
2 0.525668 0.473816 0.119070 0.118007
3 0.397359 0.558972 0.093750 0.076639
4 0.610178 0.659337 0.074590 0.184910
4 0.546504 0.428194 0.070555 0.158153
5 0.621094 0.498750 0.052758 0.199514
5 0.499971 0.319312 0.112980 0.076639
6 0.579008 0.722597 0.121875 0.063264
6 0.399754 0.498753 0.106750 0.072993
7 0.410020 0.479896 0.094437 0.152069
