1 0.373500 0.663309 0.101188 0.164021
1 0.466574 0.457552 0.082555 0.123743
2 0.479525 0.605753 0.117340 0.096438
6 0.327937 0.085403 0.053664 0.102764
0 0.391963 0.093646 0.070020 0.048986
0 0.336736 0.084010 0.031848 0.048187
1 0.265047 0.408632 0.081828 0.070500
3 0.198678 0.399274 0.063137 0.122299
4 0.498951 0.519424 0.108465 0.119431
6 0.235102 0.146764 0.080125 0.093528
2 0.345174 0.299281 0.028410 0.159715
4 0.584373 0.661406 0.064402 0.132535
5 0.578674 0.516941 0.033957 0.201229
5 0.360135 0.055469 0.079621 0.048187
7 0.379975 0.915108 0.037230 0.166910
1 0.215678 0.454674 0.053418 0.142444
2 0.406908 0.120052 0.073410 0.058896
3 0.529705 0.718701 0.106027 0.120875
