1 0.265047 0.408632 0.081828 0.070500
0 0.337551 0.083868 0.033430 0.053847
5 0.613068 0.497840 0.066449 0.200000
1 0.373500 0.663309 0.101188 0.164021
1 0.466574 0.457552 0.082555 0.123743
2 0.479525 0.605753 0.117340 0.096438
3 0.539418 0.712229 0.106023 0.136694
7 0.379975 0.915108 0.037230 0.166910
1 0.215678 0.454674 0.053418 0.142444
3 0.199088 0.401438 0.062316 0.120847
4 0.499361 0.525896 0.108465 0.119431
4 0.612258 0.658993 0.092266 0.181292
6 0.235102 0.146764 0.080125 0.093528
2 0.345174 0.299281 0.028410 0.159715
6 0.326350 0.086865 0.053402 0.112201
2 0.402820 0.119840 0.081500 0.064069
0 0.393004 0.095931 0.071711 0.056472
5 0.359119 0.054372 0.078379 0.047785
