1 0.211258 0.438819 0.074187 0.060069
7 0.381525 0.915500 0.038512 0.166667
6 0.200131 0.355545 0.068121 0.061146
5 0.255773 0.254167 0.083633 0.108028
5 0.612898 0.495233 0.066773 0.196646
4 0.503266 0.510819 0.106633 0.148681
4 0.611213 0.656503 0.093074 0.178660
3 0.200805 0.406444 0.046539 0.033694
3 0.539721 0.710979 0.106566 0.134458
2 0.288787 0.353149 0.052676 0.085132
2 0.291146 0.300389 0.058746 0.094722
2 0.466879 0.611483 0.126797 0.093646
1 0.370768 0.657646 0.072168 0.197958
1 0.461484 0.465799 0.091727 0.116431
0 0.214629 0.324972 0.067445 0.069542
0 0.277691 0.274552 0.069469 0.100840
1 0.262730 0.396781 0.052836 0.061049
