3 0.540037 0.710431 0.106754 0.136250
0 0.362803 0.285250 0.099910 0.110708
0 0.461307 0.248753 0.095871 0.045007
1 0.379877 0.464691 0.104082 0.109493
1 0.407623 0.447660 0.060902 0.041361
1 0.437734 0.385615 0.039008 0.051090
2 0.478791 0.369799 0.081434 0.170319
2 0.459289 0.327222 0.082117 0.053528
2 0.473660 0.284642 0.110859 0.058396
3 0.363145 0.393521 0.111539 0.069347
4 0.611953 0.660042 0.089703 0.181181
4 0.512473 0.405306 0.071492 0.179861
5 0.454469 0.199670 0.116008 0.061146
5 0.612631 0.495236 0.068121 0.199042
7 0.380176 0.915483 0.039859 0.169035
6 0.359301 0.335104 0.105891 0.073264
