5 0.455410 0.199042 0.116008 0.061153
5 0.614584 0.495201 0.068121 0.199042
0 0.456760 0.248201 0.095871 0.045014
0 0.363686 0.292566 0.099910 0.110701
2 0.474971 0.281774 0.110855 0.058396
2 0.471943 0.317743 0.098996 0.053528
2 0.478344 0.375299 0.081430 0.170319
6 0.358965 0.333333 0.105891 0.073264
3 0.363686 0.390885 0.111543 0.069340
1 0.377850 0.465229 0.104082 0.109486
1 0.422363 0.443646 0.104086 0.109486
1 0.438551 0.382493 0.039008 0.051097
4 0.512066 0.402878 0.071492 0.179854
4 0.612562 0.659472 0.089703 0.181181
3 0.541068 0.708632 0.106754 0.136250
7 0.381221 0.914868 0.039863 0.169028
