2 0.346352 0.301420 0.028406 0.159715
2 0.404625 0.117965 0.076969 0.060431
6 0.322516 0.089188 0.048562 0.103597
5 0.359166 0.053809 0.076348 0.046979
0 0.338271 0.083927 0.045402 0.080715
0 0.392891 0.093507 0.069687 0.046042
5 0.613068 0.497840 0.066449 0.200000
1 0.373508 0.661872 0.101188 0.164021
1 0.465773 0.457538 0.082555 0.123743
2 0.479924 0.607177 0.117340 0.096438
3 0.539418 0.712229 0.106023 0.136694
7 0.379975 0.915108 0.037230 0.166910
1 0.215678 0.454674 0.053418 0.142444
1 0.265047 0.408632 0.081828 0.070500
3 0.198275 0.401438 0.064754 0.120847
4 0.503807 0.509351 0.101168 0.141007
4 0.611449 0.656115 0.092266 0.181299
6 0.233893 0.150340 0.080129 0.093528
